















000000000000000000000000000000000000000000
000000000000220000000000000000000000000000
000000000002220000000000000000000000000000
000000000022220000000000000000000000000000
000000000222220000000000000000000000000000
000000002222220000000000000000000000000000
0000P0022222220000000000000000900000000000
000op022222222000000000X000000000000000000
000kl2222222220000000002000000000000000000
111111111111111111111111111111111111111111
111111111111111111111111111111111111111111
111111111111111111111111111111111111111111